Out1      Out2     Out3     Out4      Out5     Out6     Class 
0.9922  0.8929  1.0000  0.7400  1.0000  1.0000  1.0000    
0.7765  0.7375  0.5693  0.5100  0.9599  1.0000  1.0000    
0.0039  0.6340  0.3875  0.2600  0.1314  0.0000  1.0000    
0.7843  0.6979  0.5265  0.4900  0.3744  1.0000  1.0000    
0.7294  0.0000  0.3335  0.9400  0.3156  1.0000  1.0000    
0.9255  0.3494  1.0000  0.3300  0.8779  1.0000  1.0000    
0.7647  0.6404  0.5982  0.6700  0.8803  1.0000  1.0000    
0.8667  0.3824  1.0000  0.5200  0.9979  1.0000  1.0000    
0.8000  0.6521  0.4048  0.4700  0.5792  1.0000  1.0000    
0.0039  0.6816  0.2485  0.4700  0.1443  1.0000  1.0000    
0.8745  0.6282  0.7260  0.7000  0.9249  1.0000  1.0000    
0.6784  0.7437  0.8193  0.2300  0.6534  0.5000  1.0000    
0.9529  0.6676  1.0000  0.9500  1.0000  1.0000  1.0000    
1.0000  0.6821  1.0000  1.0000  1.0000  1.0000  1.0000    
0.9961  0.8158  0.7150  1.0000  1.0000  1.0000  1.0000    
0.9412  0.6574  0.3900  0.7800  1.0000  1.0000  1.0000    
0.7490  0.0000  0.2742  0.1600  0.1776  1.0000  1.0000    
0.9961  0.5994  0.7290  1.0000  0.9999  1.0000  1.0000    
0.9922  0.8228  0.3375  0.9900  1.0000  1.0000  1.0000    
0.7020  0.0001  0.3880  0.3100  0.2030  0.5000  1.0000    
1.0000  0.7151  0.5623  0.4700  0.8903  1.0000  1.0000    
0.7529  0.7241  0.3610  0.6400  0.6553  1.0000  1.0000    
0.8941  0.7306  0.3865  0.9100  0.9980  1.0000  1.0000    
0.7608  0.6376  0.6607  0.7900  0.9487  1.0000  1.0000    
0.9216  0.5818  0.6540  0.4400  0.2020  1.0000  1.0000    
0.6549  0.0001  0.2193  0.3200  0.0624  0.5000  1.0000    
0.7882  0.7202  0.4153  0.6800  0.3629  1.0000  1.0000    
0.7961  0.9471  0.3680  0.7700  0.6488  1.0000  1.0000    
0.6510  0.7906  0.3167  0.6000  0.5908  1.0000  1.0000    
0.9176  0.5416  0.6853  0.2300  1.0000  1.0000  1.0000    
0.6627  0.0000  0.3297  0.5100  0.7232  1.0000  1.0000    
0.9137  0.7555  0.6362  1.0000  1.0000  1.0000  1.0000    
0.7647  0.7973  0.5475  0.5100  0.7083  1.0000  1.0000    
0.0039  0.7487  0.2338  0.1400  0.5049  1.0000  1.0000    
0.7765  0.6618  0.4115  0.5300  0.1908  1.0000  1.0000    
0.8784  0.5960  0.7198  0.3100  0.7843  0.5000  1.0000    
0.7529  0.7641  0.6960  0.4400  0.9742  1.0000  1.0000    
0.8510  0.4270  1.0000  0.8700  0.9976  1.0000  1.0000    
0.0039  0.7490  0.3885  0.3200  0.1376  1.0000  1.0000    
0.9882  0.7910  0.7110  0.7800  0.6713  1.0000  1.0000    
0.6941  0.4036  0.9960  0.3100  0.7171  0.2500  1.0000    
0.9647  0.6239  1.0000  1.0000  1.0000  1.0000  1.0000    
1.0000  0.8518  0.7925  1.0000  1.0000  1.0000  1.0000    
0.9608  0.6742  0.6895  1.0000  1.0000  1.0000  1.0000    
0.8118  0.0000  0.3207  0.1200  0.0842  1.0000  1.0000    
1.0000  0.6908  0.4065  0.9400  1.0000  1.0000  1.0000    
0.8157  0.0001  0.2930  0.7500  0.3081  1.0000  1.0000    
1.0000  0.6335  0.6677  1.0000  0.9998  1.0000  1.0000    
1.0000  0.7466  0.4080  0.9900  0.9999  1.0000  1.0000    
0.6706  0.0001  0.2845  0.1900  0.2006  0.0000  1.0000    
0.0039  0.6839  0.3440  0.2500  0.0923  0.0000  1.0000    
0.7412  0.6822  0.4845  0.4500  0.6952  1.0000  1.0000    
1.0000  0.7615  0.5935  0.5000  0.8544  1.0000  1.0000    
0.7882  0.7022  0.6390  0.2800  0.6179  1.0000  1.0000    
0.0039  0.6299  0.4093  0.2300  0.1094  0.2500  1.0000    
0.9255  0.6468  0.5895  0.8400  0.9997  1.0000  1.0000    
0.7725  0.5402  0.7345  0.4500  0.9107  1.0000  1.0000    
0.9569  0.7583  0.6803  0.3300  0.3278  1.0000  1.0000    
0.6510  0.0001  0.2632  0.5000  0.0981  0.5000  1.0000    
0.7490  0.6584  0.4083  0.4500  0.3852  1.0000  1.0000    
0.0039  0.6687  0.2690  0.4400  0.1507  0.7500  1.0000    
0.7961  0.6514  0.3897  0.8600  0.9000  1.0000  1.0000    
0.9647  0.5216  0.9828  0.8600  1.0000  1.0000  1.0000    
0.6275  0.0000  0.3028  0.2300  0.7812  0.7500  1.0000    
0.8980  0.7436  0.3535  1.0000  1.0000  1.0000  1.0000    
0.6902  0.0000  0.2833  0.2300  0.2852  1.0000  1.0000    
1.0000  0.6912  0.5643  0.9400  1.0000  1.0000  1.0000    
1.0000  0.7785  0.3997  0.9400  1.0000  1.0000  1.0000    
0.0039  0.6742  0.2710  0.3300  0.1899  1.0000  1.0000    
0.6471  0.6218  0.4363  0.2800  0.3603  1.0000  1.0000    
0.8941  0.7349  0.5275  0.6400  0.8263  1.0000  1.0000    
0.7882  0.6808  0.5877  0.6100  0.8788  1.0000  1.0000    
0.0039  0.6748  0.4093  0.1200  0.0467  1.0000  1.0000    
0.8745  0.6178  0.4648  0.8500  0.9908  1.0000  1.0000    
0.7608  0.7133  0.9457  0.9000  0.9945  1.0000  1.0000    
0.8353  0.6796  0.5335  0.3700  0.9581  1.0000  1.0000    
0.7216  0.0000  0.2963  0.0700  0.1368  1.0000  1.0000    
0.7294  0.6737  0.3590  0.9900  0.9861  1.0000  1.0000    
0.7255  0.6895  0.3307  0.4100  0.7195  1.0000  1.0000    
0.8745  0.6264  0.5188  1.0000  0.9989  1.0000  1.0000    
0.8902  0.8144  0.5853  1.0000  1.0000  1.0000  1.0000    
0.9451  0.3626  0.6340  0.6700  1.0000  1.0000  1.0000    
0.0039  0.6681  0.4085  0.2700  0.4923  1.0000  1.0000    
0.7412  0.4151  0.3648  0.7300  0.2422  1.0000  1.0000    
0.8471  0.0001  0.3987  0.6500  0.4872  1.0000  1.0000    
0.8471  0.4570  0.8902  0.4900  0.7512  0.7500  1.0000    
0.7608  0.8270  0.4550  0.8900  0.9886  1.0000  1.0000    
0.8039  0.6109  0.5898  0.7600  0.9737  1.0000  1.0000    
0.0039  0.7457  0.2913  0.2200  0.3398  1.0000  1.0000    
0.0039  0.7656  0.2465  0.1700  0.1247  1.0000  1.0000    
0.8824  0.7808  0.7117  0.5600  0.9905  1.0000  1.0000    
0.7216  0.6881  0.7140  0.5300  0.9539  1.0000  1.0000    
1.0000  0.7172  0.8093  1.0000  1.0000  1.0000  1.0000    
1.0000  1.0000  0.9785  1.0000  1.0000  1.0000  1.0000    
0.0039  0.7381  0.4350  0.3600  0.9241  0.0000  1.0000    
1.0000  1.0000  0.7632  0.7200  1.0000  1.0000  1.0000    
0.8941  0.6776  0.4813  1.0000  1.0000  1.0000  1.0000    
0.6431  0.0000  0.2768  0.1000  0.1786  1.0000  1.0000    
1.0000  1.0000  0.4535  1.0000  1.0000  1.0000  1.0000    
0.9843  0.8510  0.5130  0.9600  1.0000  1.0000  1.0000    
0.0039  0.6879  0.4273  0.0000  0.1976  0.0000  1.0000    
0.0039  0.6312  0.3952  0.2500  0.2634  1.0000  1.0000    
0.9098  0.6986  0.5340  0.5400  0.8976  1.0000  1.0000    
0.8392  0.7089  0.5753  0.3600  0.9054  1.0000  1.0000    
0.0039  0.6717  0.3175  0.1200  0.0465  1.0000  1.0000    
0.9176  0.6425  0.8882  0.8600  0.9919  1.0000  1.0000    
0.7647  0.6579  0.9600  0.9300  0.9952  1.0000  1.0000    
0.7843  0.6314  0.5340  0.5000  0.9754  0.7500  1.0000    
0.7098  0.0000  0.2895  0.0900  0.3083  0.7500  1.0000    
0.7608  0.7095  0.3440  1.0000  0.7488  1.0000  1.0000    
0.0039  0.8826  0.2605  0.2400  0.4548  0.0000  1.0000    
0.8902  0.6622  0.8490  1.0000  0.9998  1.0000  1.0000    
0.9961  0.6330  0.5675  1.0000  1.0000  1.0000  1.0000    
0.0039  0.7502  0.2642  0.2500  0.3806  0.2500  1.0000    
0.7216  0.0000  0.4323  0.7000  0.2264  0.5000  1.0000    
0.8902  0.0001  0.3820  0.6300  0.4780  1.0000  1.0000    
0.8314  0.5244  0.7505  0.1400  0.7156  1.0000  1.0000    
0.7647  0.6498  0.4195  0.8400  0.9956  1.0000  1.0000    
0.8471  0.4829  0.7115  0.2900  0.9767  1.0000  1.0000    
0.0039  0.7162  0.4238  0.2100  0.2943  1.0000  1.0000    
0.8039  0.7979  0.3845  0.3200  0.9335  1.0000  1.0000    
0.8392  0.6744  0.6630  0.4200  0.9396  1.0000  1.0000    
0.9922  0.7072  0.6198  0.9700  1.0000  1.0000  1.0000    
1.0000  1.0000  1.0000  1.0000  1.0000  1.0000  1.0000    
1.0000  1.0000  0.7458  0.8100  1.0000  1.0000  1.0000    
1.0000  0.6252  0.9350  0.9700  1.0000  1.0000  1.0000    
0.9216  0.7005  0.4760  0.5500  0.9828  1.0000  1.0000    
0.0039  0.5738  0.3325  0.3000  0.9142  0.7500  1.0000    
0.9451  0.5974  0.4597  0.9400  0.9854  1.0000  1.0000    
0.9020  0.0000  0.2400  0.5600  0.5773  1.0000  1.0000    
1.0000  0.7203  0.4260  0.9800  1.0000  1.0000  1.0000    
0.9608  0.6075  0.3113  0.2700  0.3929  1.0000  1.0000    
0.9686  0.5678  1.0000  0.3400  0.9997  1.0000  1.0000    
0.8588  0.7634  0.5613  0.7600  0.9456  1.0000  1.0000    
0.7020  0.6148  0.3760  0.1400  0.1801  0.7500  1.0000    
1.0000  0.5161  0.4363  0.4700  1.0000  1.0000  1.0000    
0.9922  0.4986  0.5675  0.9500  0.9945  1.0000  1.0000    
0.0039  0.5902  0.2840  0.0000  0.3188  1.0000  1.0000    
0.8275  0.5702  0.4775  0.1700  0.9477  1.0000  1.0000    
0.0039  0.5999  0.2412  0.3000  0.2814  1.0000  1.0000    
0.9373  1.0000  0.7335  1.0000  0.9960  1.0000  1.0000    
1.0000  0.5271  1.0000  0.8600  1.0000  1.0000  1.0000    
0.7647  0.6095  0.2905  0.2600  0.7318  1.0000  1.0000    
1.0000  0.4975  1.0000  0.4700  0.9456  1.0000  1.0000    
0.7294  0.7174  0.2880  0.1500  0.4088  1.0000  1.0000    
0.9529  0.5816  0.3110  1.0000  1.0000  1.0000  1.0000    
0.7098  0.5386  0.3270  0.1300  0.5458  1.0000  1.0000    
0.8941  0.5018  0.4913  0.4800  0.8768  1.0000  1.0000    
1.0000  0.5665  0.4585  1.0000  1.0000  1.0000  1.0000    
0.0039  0.5138  0.3563  0.3900  0.4407  1.0000  1.0000    
0.8235  0.0001  0.0003  0.8000  0.8782  0.5000  1.0000    
1.0000  0.7821  0.4525  0.9200  1.0000  1.0000  1.0000    
0.9961  0.7094  0.5102  0.6800  0.9961  1.0000  1.0000    
0.9373  0.5452  0.4883  0.9300  0.9806  1.0000  1.0000    
0.0039  0.6283  0.2933  0.0000  0.2026  0.0000  1.0000    
0.8353  0.0000  0.2750  0.6200  0.8117  1.0000  1.0000    
0.7569  0.5201  0.4068  0.2400  0.2220  1.0000  1.0000    
1.0000  0.6036  1.0000  0.7200  1.0000  1.0000  1.0000    
0.8980  0.5642  0.3192  0.3000  0.5214  1.0000  1.0000    
0.9725  0.8551  1.0000  0.4400  0.9997  1.0000  1.0000    
0.9412  0.5327  0.5150  0.5800  0.9693  1.0000  1.0000    
0.7686  0.4996  0.4100  0.1700  0.0753  0.7500  1.0000    
0.0039  0.5818  0.3510  0.5700  0.9718  0.5000  1.0000    
0.9922  0.6022  0.4013  0.4600  1.0000  1.0000  1.0000    
0.9804  0.5513  0.4515  0.5000  0.9976  1.0000  1.0000    
0.6980  0.5404  0.3603  0.2300  0.4344  0.7500  1.0000    
0.0039  0.5562  0.2715  0.2700  0.9390  1.0000  1.0000    
0.7725  0.6489  0.4045  0.1600  0.2115  1.0000  1.0000    
0.9922  0.8399  0.4650  0.7600  0.9846  1.0000  1.0000    
0.8902  0.0000  0.8150  0.6700  0.9999  0.2500  1.0000    
0.8510  0.5230  0.8067  0.3000  0.9984  1.0000  1.0000    
0.0039  0.7665  0.4355  0.2600  0.8977  0.0000  1.0000    
0.9216  0.7346  0.6155  0.2300  0.9933  1.0000  1.0000    
0.9333  0.0001  0.3365  0.3500  0.9609  1.0000  1.0000    
0.8118  0.6998  0.4668  0.3900  0.9983  0.5000  1.0000    
1.0000  0.8340  0.7940  0.4200  0.9998  1.0000  1.0000    
0.9255  0.6126  0.7410  0.5300  1.0000  1.0000  1.0000    
0.9137  0.6784  0.5323  0.5100  1.0000  1.0000  1.0000    
0.7020  0.7500  0.3435  0.5300  0.9982  1.0000  1.0000    
1.0000  0.7001  0.6055  1.0000  1.0000  1.0000  1.0000    
1.0000  0.6780  1.0000  1.0000  1.0000  1.0000  1.0000    
1.0000  0.8540  0.3775  1.0000  1.0000  1.0000  1.0000    
0.7020  0.7727  0.3630  0.4000  0.4974  1.0000  1.0000    
1.0000  0.6859  0.6623  0.8400  1.0000  1.0000  1.0000    
1.0000  0.7870  0.6130  0.6000  0.9748  1.0000  1.0000    
1.0000  0.7316  0.7050  0.6400  0.9724  1.0000  1.0000    
0.8118  0.5618  0.7880  0.5700  0.9870  0.7500  1.0000    
0.9098  0.6295  0.5915  0.4900  0.9949  1.0000  1.0000    
0.9922  0.7545  0.6635  0.8300  0.9988  1.0000  1.0000    
1.0000  0.7035  0.5643  0.4900  0.9998  1.0000  1.0000    
1.0000  0.0001  0.4240  0.5500  0.3978  0.0000  1.0000    
1.0000  0.9655  0.7280  0.2300  1.0000  1.0000  1.0000    
1.0000  0.8188  0.4103  0.5300  0.3978  1.0000  1.0000    
1.0000  0.0000  0.7360  0.9900  1.0000  1.0000  1.0000    
1.0000  0.5967  0.7292  0.9600  1.0000  1.0000  1.0000    
1.0000  0.8175  0.3290  0.9400  1.0000  1.0000  1.0000    
0.8235  0.7379  0.4607  0.4700  0.9953  1.0000  1.0000    
1.0000  0.4958  0.9427  1.0000  1.0000  1.0000  1.0000    
0.8706  0.5785  0.7420  0.8300  1.0000  1.0000  1.0000    
1.0000  0.6988  0.9190  0.4700  1.0000  1.0000  1.0000    
0.7490  0.6396  0.6330  0.2600  0.9996  0.0000  1.0000    
0.9216  0.7842  0.3548  0.9300  0.7871  0.7500  1.0000    
0.0039  0.8264  0.2458  0.1600  0.2528  0.2500  1.0000    
0.9137  0.0000  0.5142  0.5100  1.0000  0.0000  1.0000    
0.9255  0.5458  0.8868  0.7100  0.9973  0.7500  1.0000    
0.8667  0.0000  0.4305  0.9800  0.9879  0.0000  1.0000    
0.8784  0.7101  0.5225  0.8600  0.9993  0.5000  1.0000    
0.8039  0.0001  0.4670  0.5000  0.8384  1.0000  1.0000    
0.8627  0.8402  0.4333  0.4300  0.4977  1.0000  1.0000    
0.8392  0.0000  0.5537  0.9500  0.9956  1.0000  1.0000    
0.8627  0.0001  0.6663  0.5100  0.6866  0.2500  1.0000    
0.8353  0.0000  0.7050  0.3900  0.6465  0.7500  1.0000    
0.0039  0.7306  0.3850  0.2200  0.1782  0.0000  1.0000    
0.8588  0.8218  0.4773  0.3800  0.8874  1.0000  1.0000    
0.9020  0.0000  0.2845  0.8100  0.5360  1.0000  1.0000    
0.0039  0.7567  0.3280  0.0000  0.1864  0.0000  1.0000    
1.0000  0.6947  0.7130  0.3600  0.9608  1.0000  1.0000    
0.8745  1.0000  0.6035  0.4400  0.9946  1.0000  1.0000    
0.7137  0.8042  0.3822  0.3200  0.8822  1.0000  1.0000    
1.0000  0.7132  0.5730  0.9900  1.0000  1.0000  1.0000    
1.0000  0.7838  0.4405  0.8500  1.0000  1.0000  1.0000    
1.0000  0.8229  0.3867  1.0000  1.0000  1.0000  1.0000    
0.8157  0.7572  0.3142  0.3200  0.1520  1.0000  1.0000    
1.0000  0.6319  0.7398  0.8200  1.0000  1.0000  1.0000    
1.0000  0.8929  0.4610  0.2900  0.6996  1.0000  1.0000    
1.0000  0.8387  0.4190  0.5700  0.5442  1.0000  1.0000    
0.8784  0.9516  0.3060  0.4800  0.7402  0.0000  1.0000    
0.9961  0.8042  0.4400  0.1500  0.9439  0.7500  1.0000    
1.0000  0.9915  0.3880  0.4000  0.8026  1.0000  1.0000    
1.0000  0.6300  0.6857  0.3800  0.8382  1.0000  1.0000    
0.9294  0.6683  0.5995  0.1000  1.0000  1.0000  1.0000    
1.0000  1.0000  0.4100  0.2800  0.1120  1.0000  1.0000    
1.0000  0.0000  1.0000  0.8700  1.0000  1.0000  1.0000    
1.0000  0.8153  0.4572  1.0000  1.0000  1.0000  1.0000    
1.0000  0.8347  0.4185  0.9100  1.0000  1.0000  1.0000    
0.8314  0.7382  0.5487  0.1200  0.1361  1.0000  1.0000    
1.0000  0.5541  0.9790  0.7600  1.0000  1.0000  1.0000    
0.9647  0.6191  0.7280  0.1400  0.9972  1.0000  1.0000    
1.0000  0.6965  0.6997  0.2700  0.9969  1.0000  1.0000    
0.8392  0.6350  0.8478  0.4500  0.9999  0.2500  1.0000    
1.0000  0.8384  0.3385  0.4200  0.2900  0.5000  1.0000    
0.0039  0.8936  0.1925  0.0000  0.0627  0.0000  1.0000    
0.8824  0.0001  0.4780  0.4800  0.9973  1.0000  1.0000    
0.8745  0.0001  0.6595  0.4100  0.9715  1.0000  1.0000    
1.0000  0.6651  0.6518  0.9300  0.9552  0.7500  1.0000    
0.9686  0.7808  0.4688  0.5300  0.8236  1.0000  1.0000    
0.9059  0.0001  0.4915  0.8400  0.9792  1.0000  1.0000    
0.8431  0.0001  0.4502  0.5700  0.7823  1.0000  1.0000    
0.9922  0.9077  0.4808  0.3400  0.5218  1.0000  1.0000    
0.8784  0.0001  0.6462  0.1800  0.7805  0.2500  1.0000    
0.0039  0.8460  0.3463  0.2700  0.1122  0.0000  1.0000    
0.7137  0.8698  0.3468  0.1200  0.9217  1.0000  1.0000    
0.8745  0.0001  0.4965  0.4700  0.2090  1.0000  1.0000    
1.0000  0.7597  1.0000  0.3700  0.9592  1.0000  1.0000    
0.9608  0.5931  0.7850  0.3100  0.9984  1.0000  1.0000    
0.8392  0.7881  0.3830  0.3200  0.8510  1.0000  1.0000    
1.0000  0.8421  0.7330  1.0000  1.0000  1.0000  1.0000    
1.0000  0.3774  1.0000  0.9800  1.0000  1.0000  1.0000    
1.0000  0.7509  0.5447  1.0000  1.0000  1.0000  1.0000    
0.7176  0.8205  0.3410  0.4700  0.1637  1.0000  1.0000    
1.0000  1.0000  1.0000  1.0000  1.0000  1.0000  1.0000    
0.9529  0.8043  0.5285  0.4600  0.5540  1.0000  1.0000    
0.9373  0.7451  0.3680  0.6100  0.6873  1.0000  1.0000    
0.8863  0.6932  0.4650  0.1600  0.8418  1.0000  1.0000    
0.8784  0.8906  0.5543  0.4600  0.8995  0.0000  1.0000    
0.9843  0.9601  0.4755  0.5700  0.8266  1.0000  1.0000    
0.9922  0.6709  0.6515  0.5900  0.9658  1.0000  1.0000    
0.8510  0.0000  0.3390  0.3200  0.1941  0.0000  1.0000    
1.0000  0.0000  0.4750  0.3800  0.1826  0.5000  1.0000    
0.9882  0.6676  0.6305  0.2400  1.0000  1.0000  1.0000    
1.0000  0.7650  0.5300  0.3800  0.1826  1.0000  1.0000    
1.0000  0.0000  0.4405  0.8900  1.0000  1.0000  1.0000    
1.0000  0.6832  0.7755  0.9800  1.0000  1.0000  1.0000    
1.0000  0.7651  0.6120  0.9900  1.0000  1.0000  1.0000    
0.8627  0.6994  0.6168  0.1200  0.7156  1.0000  1.0000    
1.0000  0.5583  0.9722  0.9100  0.9999  1.0000  1.0000    
0.8902  0.6307  0.7355  0.5400  0.9978  1.0000  1.0000    
0.9843  0.7464  0.6943  0.4600  0.9925  1.0000  1.0000    
0.9373  0.7649  0.3370  0.4000  0.1852  0.7500  1.0000    
0.8549  0.0000  0.7133  0.3900  0.8688  0.0000  1.0000    
0.8745  0.5933  0.6643  1.0000  0.9267  0.0000  1.0000    
0.8588  0.0000  0.5760  0.2400  0.9751  0.0000  1.0000    
0.8627  0.0001  0.5320  0.6400  0.9193  1.0000  1.0000    
0.7686  0.6379  0.5523  0.5600  0.7746  0.7500  1.0000    
0.9843  0.8492  0.5877  0.5900  0.9555  1.0000  1.0000    
0.9804  0.7642  0.6435  0.3500  0.9865  1.0000  1.0000    
1.0000  0.0364  0.4420  0.2000  0.1927  0.5000  1.0000    
1.0000  0.6266  0.5437  0.1800  1.0000  1.0000  1.0000    
1.0000  0.8982  0.4490  0.2000  0.1753  1.0000  1.0000    
1.0000  0.0000  0.3418  0.9000  1.0000  1.0000  1.0000    
1.0000  0.7001  0.7047  1.0000  1.0000  1.0000  1.0000    
1.0000  0.7801  0.5423  0.9800  0.9999  1.0000  1.0000    
0.9255  0.7436  0.3820  0.4600  0.6360  1.0000  1.0000    
1.0000  0.6487  0.8945  1.0000  1.0000  1.0000  1.0000    
0.8588  0.5794  0.7640  0.1300  0.9978  0.7500  1.0000    
1.0000  0.6191  0.6450  0.3800  0.9964  1.0000  1.0000    
0.8980  0.0000  0.4920  0.5900  0.9983  0.0000  1.0000    
0.8627  0.0001  0.6550  0.3000  0.7817  0.2500  1.0000    
0.6549  0.6779  0.6168  0.0000  0.8674  0.0000  1.0000    
0.8118  0.0000  0.3115  0.5400  0.5304  0.2500  1.0000    
0.8627  0.0000  0.5958  0.9800  0.9998  1.0000  1.0000    
0.9137  0.0001  0.5273  0.7300  0.5025  0.2500  1.0000    
0.8431  0.0000  0.9423  0.3800  0.9975  1.0000  1.0000    
0.8471  0.7028  0.4893  0.0000  0.8849  0.0000  1.0000    
0.8941  0.6124  0.6667  0.6500  0.7298  1.0000  1.0000    
0.9412  0.0001  0.5010  0.2700  0.5734  1.0000  1.0000    
0.8784  0.6536  0.5230  0.3900  0.9737  1.0000  1.0000    
0.8078  0.8055  0.4685  0.4800  0.8365  1.0000  1.0000    
1.0000  0.6604  0.5507  0.8500  1.0000  1.0000  1.0000    
0.8627  0.8149  0.3660  0.7000  0.8950  1.0000  1.0000    
1.0000  0.5594  1.0000  0.9400  0.9999  1.0000  1.0000    
1.0000  0.8832  0.3125  1.0000  1.0000  1.0000  1.0000    
0.8353  0.7718  0.3038  0.4500  0.3880  1.0000  1.0000    
1.0000  0.9946  0.6232  0.9900  1.0000  1.0000  1.0000    
0.0039  0.8182  0.2485  0.4200  0.1662  0.2500  0.0000    
0.6000  0.0001  0.3135  0.2400  0.6699  0.2500  0.0000    
0.7804  0.0001  0.0003  0.2800  0.1410  0.0000  0.0000    
0.6275  0.7240  0.4218  0.2600  0.3156  1.0000  0.0000    
0.0039  0.7181  0.1670  0.1500  0.3483  1.0000  0.0000    
0.7216  0.0000  0.3040  0.1700  0.2974  1.0000  0.0000    
0.0039  0.6966  0.3438  0.1700  0.2755  0.0000  0.0000    
0.7059  0.0000  0.3282  0.4800  0.2069  0.2500  0.0000    
0.7098  0.8300  0.2875  0.3300  0.3082  1.0000  0.0000    
0.7569  0.0000  0.2778  0.8600  0.2220  1.0000  0.0000    
0.0039  0.7169  0.2032  0.2800  0.0499  0.0000  0.0000    
0.0039  0.6448  0.3132  0.1700  0.0741  1.0000  0.0000    
0.0039  0.7658  0.2238  0.0900  0.1693  0.7500  0.0000    
0.6824  0.0001  0.4028  0.2200  0.1186  0.0000  0.0000    
0.6627  0.0001  0.3740  0.3000  0.1044  0.2500  0.0000    
0.0039  0.5938  0.5150  0.0000  0.1158  0.0000  0.0000    
0.0039  0.6749  0.3220  0.2100  0.0832  1.0000  0.0000    
0.6745  0.0000  0.4780  0.5100  0.7604  0.7500  0.0000    
0.6510  0.0000  0.2662  0.7300  0.9824  0.0000  0.0000    
0.0039  0.6893  0.2555  0.3100  0.1599  0.7500  0.0000    
0.6588  0.4696  0.3695  0.7300  0.1087  0.5000  0.0000    
0.0039  0.7102  0.3600  0.2200  0.0880  1.0000  0.0000    
0.0039  0.7189  0.2775  0.3800  0.1347  1.0000  0.0000    
0.0039  0.8062  0.3240  0.2000  0.1469  0.7500  0.0000    
0.7255  0.0000  0.3300  0.2600  0.1549  1.0000  0.0000    
0.0039  0.7358  0.1940  0.5600  0.4116  0.7500  0.0000    
0.7882  0.0000  0.3305  0.1700  0.4315  1.0000  0.0000    
0.6980  0.1586  0.3242  0.3500  0.3313  0.0000  0.0000    
0.7098  0.0001  0.0003  0.1200  0.3089  0.5000  0.0000    
0.6902  0.1694  0.3468  0.0400  0.1843  1.0000  0.0000    
0.0039  0.8017  0.2582  0.4500  0.1439  0.7500  0.0000    
0.0039  0.7892  0.1345  0.4500  0.8051  0.0000  0.0000    
0.7569  0.7390  0.3302  0.6800  0.4568  1.0000  0.0000    
0.7686  0.7485  0.2740  0.2900  0.1800  1.0000  0.0000    
0.6275  0.0000  0.2507  0.7200  0.0917  0.0000  0.0000    
0.7020  0.0001  0.2998  0.2100  0.1047  1.0000  0.0000    
0.7059  0.6859  0.4033  0.2700  0.1397  1.0000  0.0000    
0.7098  0.0000  0.2672  0.8800  0.2964  0.7500  0.0000    
0.6667  0.0001  0.4193  0.3400  0.0771  0.0000  0.0000    
0.6392  0.0001  0.3260  0.1500  0.0489  0.2500  0.0000    
0.0039  0.6504  0.3195  0.0000  0.1026  1.0000  0.0000    
0.0039  0.6828  0.3060  0.4000  0.1778  1.0000  0.0000    
0.6745  0.0000  0.2925  0.6000  0.9831  1.0000  0.0000    
0.6353  0.0001  0.0003  0.6100  0.9991  0.0000  0.0000    
0.6235  0.0598  0.3847  0.1900  0.0631  1.0000  0.0000    
0.6745  0.0000  0.3200  0.1300  0.0359  0.5000  0.0000    
0.0039  0.7414  0.3222  0.1700  0.1136  1.0000  0.0000    
0.0039  0.6652  0.2880  0.2300  0.0885  1.0000  0.0000    
0.0039  0.7661  0.3103  0.1800  0.1706  0.7500  0.0000    
0.6314  0.0000  0.5112  0.2200  0.0904  0.0000  0.0000    
0.0039  0.6936  0.2250  0.1700  0.0446  1.0000  0.0000    
0.6471  0.1309  0.3040  0.4700  0.1770  0.0000  0.0000    
0.7020  0.6606  0.3230  0.4200  0.4472  1.0000  0.0000    
0.8784  0.0000  0.3430  0.2500  0.4295  1.0000  0.0000    
0.6235  0.0000  0.2547  0.6100  0.2818  0.0000  0.0000    
0.6784  0.0866  0.3410  0.2900  0.4423  0.2500  0.0000    
0.6824  0.0001  0.0003  0.2300  0.3474  1.0000  0.0000    
0.6980  0.0001  0.3272  0.9300  0.1730  1.0000  0.0000    
0.0039  0.7361  0.2680  0.2300  0.0659  0.7500  0.0000    
0.0039  0.8328  0.1465  0.5900  0.4625  0.2500  0.0000    
0.7529  0.0001  0.0003  0.8700  0.9885  1.0000  0.0000    
0.7294  0.4109  0.3613  0.6400  0.2419  0.0000  0.0000    
0.6157  0.7396  0.3795  0.0000  0.1622  0.0000  0.0000    
0.5882  0.7299  0.2435  0.0000  0.4004  0.7500  0.0000    
0.6667  0.0000  0.2567  0.2900  0.1462  0.0000  0.0000    
0.6627  0.8434  0.3175  0.6700  0.7349  1.0000  0.0000    
0.7373  0.0001  0.2935  0.0800  0.2282  1.0000  0.0000    
0.6392  0.0001  0.2667  0.8500  0.1883  0.0000  0.0000    
0.6510  0.1294  0.3663  0.1600  0.5202  1.0000  0.0000    
0.6627  0.0000  0.2468  0.3100  0.1635  1.0000  0.0000    
0.6392  0.0001  0.3210  0.0200  0.9249  0.5000  0.0000    
0.0039  0.7122  0.1983  0.1500  0.3624  0.7500  0.0000    
0.6039  0.1337  0.3172  0.7300  0.9687  0.0000  0.0000    
0.6902  0.2691  0.4075  0.9500  0.0949  1.0000  0.0000    
0.0039  0.7982  0.1680  0.7300  0.8947  0.7500  0.0000    
0.0039  0.7182  0.3252  0.4000  0.2574  0.0000  0.0000    
0.6706  0.8119  0.4560  0.2600  0.2981  1.0000  0.0000    
0.6706  0.0762  0.3388  0.2300  0.1533  1.0000  0.0000    
0.6941  0.0000  0.2810  0.1900  0.1090  0.0000  0.0000    
0.6235  0.6349  0.3548  0.5700  0.3968  1.0000  0.0000    
0.6824  0.0000  0.2490  0.8800  0.1695  1.0000  0.0000    
0.6824  0.0001  0.0003  0.4100  0.0912  0.0000  0.0000    
0.0039  0.7372  0.2542  0.2400  0.2621  1.0000  0.0000    
0.0039  0.6835  0.3127  0.2700  0.0694  0.7500  0.0000    
0.0039  0.6436  0.3578  0.0000  0.1766  0.7500  0.0000    
0.7804  0.7072  0.4105  0.7600  0.9974  1.0000  0.0000    
0.0039  0.8084  0.2140  0.8900  0.3963  0.0000  0.0000    
0.0039  0.6934  0.2440  0.1500  0.1725  0.0000  0.0000    
0.6549  0.4232  0.3817  0.8300  0.2111  0.0000  0.0000    
0.0039  0.6608  0.3385  0.0000  0.1709  0.7500  0.0000    
0.0039  0.6801  0.2645  0.4000  0.1740  1.0000  0.0000    
0.6588  0.0001  0.3372  0.4000  0.0951  0.2500  0.0000    
0.0039  0.6647  0.3488  0.5500  0.0709  0.5000  0.0000    
0.6824  0.0001  0.4610  0.2300  0.1238  0.2500  0.0000    
0.7098  0.0000  0.2928  0.5100  0.0779  0.0000  0.0000    
0.0039  0.7012  0.3172  0.1800  0.5991  1.0000  0.0000    
0.7137  0.0001  0.2725  0.4400  0.4959  1.0000  0.0000    
0.0039  0.7655  0.2102  0.0000  0.1723  0.0000  0.0000    
0.6549  0.0000  0.2695  0.4100  0.1256  1.0000  0.0000    
0.6471  0.0000  0.2975  0.8200  0.9506  0.5000  0.0000    
0.6471  0.0000  0.3775  0.2600  0.3328  1.0000  0.0000    
0.6667  0.1178  0.4405  0.8700  0.5212  0.2500  0.0000    
0.0039  0.7519  0.2305  0.5300  0.3028  1.0000  0.0000    
0.0039  0.7096  0.3098  0.3700  0.1850  0.2500  0.0000    
0.6627  0.0001  0.2763  0.2500  0.3920  1.0000  0.0000    
0.6784  0.0000  0.2993  0.0700  0.1555  1.0000  0.0000    
0.7373  0.0001  0.3335  0.0700  0.0792  0.2500  0.0000    
0.6431  0.0001  0.2557  0.3100  0.4272  0.7500  0.0000    
0.6510  0.0001  0.2560  0.9400  0.1811  1.0000  0.0000    
0.0039  0.7482  0.4163  0.5100  0.1308  0.0000  0.0000    
0.0039  0.7322  0.3605  0.2200  0.0890  0.0000  0.0000    
0.0039  0.6882  0.2612  0.0000  0.0880  0.7500  0.0000    
0.6431  0.0001  0.2575  0.3300  0.1027  0.0000  0.0000    
0.0039  0.6958  0.2308  0.2500  0.4779  0.0000  0.0000    
0.0039  0.6928  0.3443  0.3000  0.1460  0.7500  0.0000    
0.6824  0.6905  0.3675  0.5100  0.9714  1.0000  0.0000    
0.0039  0.7967  0.1820  0.0000  0.5152  0.2500  0.0000    
0.0039  0.6469  0.2382  0.4700  0.1720  0.5000  0.0000    
0.6863  0.4696  0.5035  0.3000  0.8219  0.2500  0.0000    
0.9216  0.4725  0.4665  0.5800  0.1417  1.0000  0.0000    
0.8863  0.5008  0.5018  0.4800  0.1643  1.0000  0.0000    
0.6588  0.5143  0.3575  0.3700  0.0897  1.0000  0.0000    
0.0039  0.6389  0.2140  0.2100  0.4911  0.0000  0.0000    
0.0039  0.6103  0.2040  0.3000  0.1680  0.7500  0.0000    
0.0039  0.5632  0.3070  0.0900  0.0584  1.0000  0.0000    
0.0039  0.6097  0.2427  0.2600  0.0882  0.7500  0.0000    
0.8588  0.0000  0.2793  0.2600  0.4381  1.0000  0.0000    
0.8078  0.0001  0.3980  0.1000  0.0751  0.7500  0.0000    
0.7059  0.6814  0.1603  0.1400  0.1323  1.0000  0.0000    
0.7020  0.5829  0.2475  0.2000  0.0890  1.0000  0.0000    
0.0039  0.5675  0.2910  0.1200  0.0512  0.7500  0.0000    
0.6392  0.5351  0.3090  0.0000  0.2661  1.0000  0.0000    
0.0039  0.5433  0.2815  0.0000  0.1583  1.0000  0.0000    
0.6549  0.6608  0.2587  0.1600  0.0492  1.0000  0.0000    
0.0039  0.5765  0.2682  0.1200  0.2405  0.7500  0.0000    
0.8431  0.0001  0.3320  0.1800  0.1858  1.0000  0.0000    
0.8549  0.1376  0.3255  0.3800  0.0823  1.0000  0.0000    
0.8275  0.0000  0.5733  0.4700  0.4724  1.0000  0.0000    
0.8627  0.5761  0.2040  0.7700  0.7176  1.0000  0.0000    
0.9451  0.0000  0.5337  0.8100  0.8035  1.0000  0.0000    
0.8078  0.0111  0.4193  0.4800  0.6340  0.0000  0.0000    
0.0039  0.5384  0.3120  0.3100  0.3871  0.0000  0.0000    
0.6941  0.5764  0.3195  0.2000  0.3244  0.7500  0.0000    
0.8510  0.5521  0.3728  0.2100  0.2974  1.0000  0.0000    
0.0039  0.6722  0.2402  0.1100  0.0640  0.2500  0.0000    
0.6078  0.4791  0.5793  0.4000  0.7738  0.0000  0.0000    
0.0039  0.5514  0.2740  0.3100  0.1198  0.7500  0.0000    
0.0039  0.5296  0.3192  0.2200  0.0704  1.0000  0.0000    
0.0039  0.5906  0.3005  0.1000  0.0428  1.0000  0.0000    
0.8039  0.0000  0.3445  0.3400  0.8222  0.2500  0.0000    
0.6784  0.5902  0.5420  0.1200  0.1454  0.7500  0.0000    
0.0039  0.5041  0.4860  0.3000  0.0806  0.0000  0.0000    
0.6510  0.5882  0.3108  0.2400  0.2272  1.0000  0.0000    
0.8392  0.0001  0.3023  0.2100  0.7556  0.5000  0.0000    
0.8353  0.0001  0.3543  0.0600  0.1430  1.0000  0.0000    
0.0039  0.5836  0.3145  0.2500  0.1667  1.0000  0.0000    
0.8314  0.6159  0.2933  0.5500  0.5458  0.7500  0.0000    
0.9529  0.4338  0.6065  0.1900  0.3271  1.0000  0.0000    
0.7373  0.4944  0.4550  0.1300  0.0878  1.0000  0.0000    
0.7255  0.5004  0.4638  0.1200  0.5213  1.0000  0.0000    
0.0039  0.5712  0.2567  0.1700  0.2153  0.5000  0.0000    
0.8353  0.0000  0.2445  0.4500  0.6741  0.2500  0.0000    
0.9216  0.5748  0.7127  0.8700  1.0000  1.0000  0.0000    
0.7608  0.5559  0.5690  0.4800  0.9310  0.7500  0.0000    
0.8588  0.5429  0.4800  0.7900  0.1627  1.0000  0.0000    
0.7098  0.5869  0.3362  0.2500  0.5827  1.0000  0.0000    
0.0039  0.5901  0.2562  0.0000  0.0988  1.0000  0.0000    
0.0039  0.5841  0.3425  0.1500  0.0542  1.0000  0.0000    
0.8784  0.0000  0.4270  0.0700  0.0803  0.7500  0.0000    
0.8471  0.1007  0.3760  0.3900  0.0887  0.2500  0.0000    
1.0000  0.5748  0.3997  0.3600  0.7677  1.0000  0.0000    
0.7020  0.6778  0.2223  0.2000  0.1106  1.0000  0.0000    
0.0039  0.6968  0.2000  0.2200  0.0479  0.7500  0.0000    
0.0039  0.6518  0.1800  0.2100  0.3037  1.0000  0.0000    
0.0039  0.5176  0.4640  0.2100  0.0805  0.7500  0.0000    
0.5608  0.5969  0.2835  0.0800  0.2373  1.0000  0.0000    
0.0039  0.5648  0.2702  0.1100  0.0873  1.0000  0.0000    
0.0039  0.5369  0.3287  0.0000  0.1544  0.7500  0.0000    
0.8039  0.5520  0.2918  0.3100  0.0753  1.0000  0.0000    
0.8235  0.0001  0.0003  0.3400  0.0531  0.7500  0.0000    
0.7098  0.6571  0.3095  0.0800  0.2650  1.0000  0.0000    
0.9647  0.5664  0.3252  0.5000  0.4994  1.0000  0.0000    
0.9333  0.1368  0.4602  0.8200  0.9863  1.0000  0.0000    
0.8588  0.0001  0.2178  0.9900  0.7143  1.0000  0.0000    
0.0039  0.7498  0.4018  0.0000  0.6262  0.0000  0.0000    
0.8471  0.8484  0.3960  0.4600  0.5724  1.0000  0.0000    
0.8549  0.1279  0.3842  0.1500  0.9103  0.0000  0.0000    
0.9529  0.0001  0.0003  0.1900  0.4012  1.0000  0.0000    
0.8941  0.8635  0.2863  1.0000  0.7650  1.0000  0.0000    
0.7020  0.7252  0.4105  0.1800  0.4229  0.0000  0.0000    
0.8667  0.8656  0.3287  0.7900  0.5065  1.0000  0.0000    
0.8431  0.7518  0.3907  0.1800  0.6335  1.0000  0.0000    
0.8078  0.6796  0.6332  0.5200  0.4331  1.0000  0.0000    
0.9333  0.0001  0.0003  0.6100  0.8682  1.0000  0.0000    
0.9020  0.6971  0.6817  0.8200  0.9252  1.0000  0.0000    
0.0039  0.7965  0.2783  0.4400  0.0546  0.0000  0.0000    
0.8667  0.7712  0.3445  0.5000  0.2758  1.0000  0.0000    
0.9333  0.0001  0.0003  0.4700  0.3248  0.0000  0.0000    
0.9529  0.0000  0.2883  0.4400  0.1121  0.2500  0.0000    
0.8549  0.8917  0.5118  0.3900  0.9869  0.7500  0.0000    
0.7333  0.8421  0.2463  0.4700  0.4302  0.0000  0.0000    
0.0039  0.8148  0.1935  0.1300  0.0848  0.7500  0.0000    
0.9333  0.6257  0.7188  1.0000  1.0000  1.0000  0.0000    
0.0039  0.7382  0.3575  0.1300  0.9998  0.7500  0.0000    
0.9961  0.0001  0.4607  1.0000  0.9441  1.0000  0.0000    
0.8667  0.0001  0.0003  1.0000  0.9999  0.2500  0.0000    
0.9373  0.0001  0.4965  0.8200  0.9958  0.7500  0.0000    
0.7098  0.5679  0.8365  0.3000  0.7354  0.0000  0.0000    
0.9294  0.0001  0.4053  0.8700  0.5632  1.0000  0.0000    
0.9255  0.0001  0.3232  0.6800  0.6892  1.0000  0.0000    
0.8588  0.0000  0.4512  0.8800  0.3077  1.0000  0.0000    
0.8314  0.0000  0.5775  0.4700  0.1014  1.0000  0.0000    
0.0039  0.7551  0.3480  0.2100  0.1072  0.2500  0.0000    
0.6196  0.6498  0.5840  0.0000  0.4003  0.0000  0.0000    
0.0039  0.8587  0.2310  0.2500  0.1237  0.0000  0.0000    
0.8627  0.7394  0.4465  0.1900  0.1990  1.0000  0.0000    
0.6980  0.9431  0.2020  0.0000  0.0885  0.0000  0.0000    
0.8039  0.0001  0.1995  0.1500  0.6392  1.0000  0.0000    
1.0000  0.0000  0.2990  0.5200  0.0936  1.0000  0.0000    
0.9451  0.0000  0.4253  0.5400  0.1818  0.0000  0.0000    
1.0000  0.9809  0.2813  0.9500  0.3754  1.0000  0.0000    
0.8902  0.7891  0.3360  0.0000  0.3121  0.5000  0.0000    
0.8275  0.7787  0.3800  0.1800  0.1405  1.0000  0.0000    
0.7529  0.8079  0.3210  0.1000  0.0543  1.0000  0.0000    
0.9059  0.6348  0.5900  0.0000  0.1648  1.0000  0.0000    
0.8784  0.6987  0.4838  0.5400  0.6911  1.0000  0.0000    
0.0039  0.8484  0.2850  0.2000  0.0708  1.0000  0.0000    
0.8235  0.0000  0.3093  0.1400  0.0658  1.0000  0.0000    
0.8118  0.1405  0.2928  0.2800  0.2593  0.7500  0.0000    
1.0000  0.7274  0.5128  0.6400  0.2195  1.0000  0.0000    
0.7922  0.8362  0.2840  0.2500  0.3243  1.0000  0.0000    
0.7686  0.7753  0.3573  0.0000  0.1122  0.7500  0.0000    
0.8078  0.0000  0.2158  0.5600  0.0467  0.0000  0.0000    
0.9059  0.0001  0.3292  0.3300  0.1180  0.5000  0.0000    
0.8784  0.7927  0.5860  0.2900  0.8944  1.0000  0.0000    
0.0039  0.8099  0.2110  0.2800  0.0568  0.7500  0.0000    
0.9529  0.0000  0.9732  0.3100  0.9991  1.0000  0.0000    
0.8745  0.0001  0.5908  0.8200  0.7744  0.2500  0.0000    
0.8431  0.0001  0.0003  0.5600  0.9880  0.0000  0.0000    
0.0039  0.8294  0.2145  0.1800  0.0858  0.0000  0.0000    
0.8118  0.0000  0.3555  0.7500  0.1714  1.0000  0.0000    
0.8784  0.5604  0.8040  0.3100  0.4538  1.0000  0.0000    
0.8941  0.0001  0.6637  0.1900  0.9209  0.5000  0.0000    
0.9373  0.0000  0.4315  0.9100  0.7080  1.0000  0.0000    
0.8549  0.0000  0.4545  0.8900  0.1414  0.0000  0.0000    
0.8588  0.0000  0.3927  0.4800  0.9210  0.2500  0.0000    
0.6745  0.7381  0.4733  0.0900  0.2937  0.2500  0.0000    
0.8196  0.8054  0.3770  0.2200  0.2917  1.0000  0.0000    
0.8588  0.0001  0.0003  0.6700  0.9204  0.0000  0.0000    
0.6196  0.8430  0.2020  0.3200  0.0843  0.0000  0.0000    
0.8314  0.0000  0.3257  0.2200  0.0953  1.0000  0.0000    
1.0000  0.0001  0.0003  0.4400  0.1649  1.0000  0.0000    
0.7725  0.8967  0.3167  0.2400  0.2509  0.0000  0.0000    
0.9176  0.8048  0.2542  0.9400  0.2044  1.0000  0.0000    
0.9294  0.8538  0.3880  0.1900  0.0785  1.0000  0.0000    
0.6510  0.7639  0.3580  0.0000  0.1096  0.0000  0.0000    
0.9098  0.9095  0.3078  0.2700  0.1197  1.0000  0.0000    
0.7529  0.8079  0.3530  0.2400  0.1095  1.0000  0.0000    
0.8863  0.6522  0.5965  0.0000  0.0939  1.0000  0.0000    
0.9529  0.8133  0.3645  0.2900  0.2117  1.0000  0.0000    
1.0000  0.0001  0.5130  0.0500  0.1734  1.0000  0.0000    
0.8784  0.8042  0.2293  0.3300  0.4408  1.0000  0.0000    
0.8039  0.8191  0.4650  0.3000  0.1086  1.0000  0.0000    
0.9098  0.0001  0.0003  0.2500  0.1227  1.0000  0.0000    
0.0039  0.8792  0.3110  0.0000  0.2162  0.0000  0.0000    
0.8627  0.7768  0.3985  0.2500  0.1410  1.0000  0.0000    
0.8353  0.0001  0.3125  0.6200  0.0422  1.0000  0.0000    
0.8353  0.0000  0.4078  0.2600  0.0996  0.0000  0.0000    
0.8314  0.2846  0.4000  0.4800  0.5030  0.0000  0.0000    
0.9059  0.8232  0.5450  0.4900  0.9333  1.0000  0.0000    
0.9333  0.6085  0.6440  0.4100  0.9208  0.7500  0.0000    
0.8667  0.0000  0.8595  0.6200  0.9995  1.0000  0.0000    
0.8078  0.0000  0.4805  0.8700  0.9057  0.0000  0.0000    
0.8784  0.0001  0.0003  1.0000  0.9969  1.0000  0.0000    
0.8784  0.0000  0.5677  0.0800  0.2095  1.0000  0.0000    
0.8706  0.6090  0.6923  0.0000  0.3870  0.2500  0.0000    
0.8039  0.0000  0.2863  0.4800  0.1540  0.0000  0.0000    
0.6588  0.8349  0.3103  0.7900  0.5746  0.0000  0.0000    
0.6745  0.7756  0.3553  0.0000  0.1267  0.2500  0.0000    
0.9294  0.0001  0.0003  0.2800  0.3859  1.0000  0.0000    
0.8431  0.8398  0.3932  0.3000  0.4832  1.0000  0.0000    
0.9216  0.8625  0.5290  0.5700  0.2516  1.0000  0.0000    
1.0000  0.8683  0.3663  0.3200  0.2016  1.0000  0.0000    
0.8392  0.0290  0.3895  0.5300  0.0646  0.0000  0.0000    
1.0000  0.0001  0.0003  0.1900  0.1441  0.5000  0.0000    
0.0039  0.7423  0.3180  0.0000  0.1398  0.0000  0.0000    
0.8588  0.7734  0.3942  0.4700  0.2892  1.0000  0.0000    
0.8510  0.0001  0.2968  0.6700  0.0487  0.7500  0.0000    
0.8627  0.0001  0.3040  0.0900  0.1768  0.0000  0.0000    
0.9059  0.7897  0.4020  0.3800  0.7302  1.0000  0.0000    
0.8627  0.7251  0.5285  0.1400  0.2372  1.0000  0.0000    
0.0039  0.8251  0.1700  0.3900  0.1328  1.0000  0.0000    
0.7059  0.7208  0.5530  0.1100  0.9861  0.5000  0.0000    
0.9412  0.0000  0.5940  0.6200  0.9984  1.0000  0.0000    
0.8314  0.0000  0.3523  0.2800  0.5984  0.0000  0.0000    
0.0039  1.0000  0.1772  0.0900  0.0734  0.0000  0.0000    
0.8039  0.0000  0.3960  0.4700  0.2161  0.2500  0.0000    
0.8588  0.0000  0.4605  0.0500  0.3165  1.0000  0.0000    
0.8235  0.0001  0.3882  0.8500  0.1485  0.2500  0.0000    
0.7725  0.5528  0.8087  0.0000  0.4984  0.0000  0.0000    
0.9255  0.0001  0.3643  0.2800  0.7333  1.0000  0.0000    
0.8275  0.0000  0.3785  0.8000  0.1191  0.0000  0.0000    
0.7686  0.8044  0.2135  0.0000  0.1581  0.2500  0.0000    
0.7137  0.7630  0.3825  0.1600  0.1395  0.7500  0.0000    
0.8000  0.7660  0.3463  0.2100  0.1095  0.0000  0.0000    
0.6941  0.7342  0.3932  0.2500  0.6320  0.0000  0.0000    
0.7569  0.7882  0.2898  0.3300  0.5342  1.0000  0.0000    
0.8275  0.0000  0.5065  0.4500  0.7695  0.5000  0.0000    
1.0000  0.0294  0.3735  0.4600  0.2223  1.0000  0.0000    
0.8980  0.9431  0.3770  0.2400  0.2564  1.0000  0.0000    
0.8431  0.8322  0.3595  0.2300  0.1067  1.0000  0.0000    
0.8627  0.8194  0.4030  0.4000  0.1681  0.7500  0.0000    
0.9294  0.0000  0.6200  0.1500  0.8235  0.2500  0.0000    
0.8471  0.0001  0.0003  0.1200  0.0416  0.0000  0.0000    

